organism=Escherichia_coli_300_genomes	genome=GCF_000284495.1_ASM28449v1	contig=NC_011993.1	method=probabilistic complexity
position	complexity
1232	0
2931	0
4041	0.09090909090909093
5046	0.1760540184453228
5632	0.2577206851119894
6805	0.12166666666666669
8275	0.04
9160	0
9942	0
10730	0
11315	0.06666666666666667
12847	0.12916666666666665
14459	0.5601641414141414
16276	0.5552398989898989
17423	0.429348633392751
18928	0.33843954248366015
20376	0.3901088588588589
21474	1.4443456614509238
22151	1.547475106685633
23082	0.2098515519568151
25004	0.02564102564102564
26659	0
27238	0
27940	0.07500000000000001
28938	0.125
29600	0.07500000000000001
30354	0.07500000000000001
31795	0.07500000000000001
33997	0.225
36066	0.2
36678	0.07500000000000001
37371	0.07500000000000001
38649	0.1
40107	0.125
41415	0.1
42774	0.05
44389	0.07500000000000001
45259	0.05
46424	0
47207	0
48075	0.05
49114	0.07500000000000001
50303	0.125
51610	0.27499999999999997
52107	0.225
52384	0.225
52962	0.27499999999999997
53581	0.05
54183	0
55085	0.025
56223	0.05
58096	0.025
59902	0.05
60790	0.07500000000000001
62585	0.05
65378	0.05
66976	0.025
68190	0.025
69802	0.05
71413	0.2
72775	0.15
73417	0.15
74165	0.125
75010	0.025
76148	0.07500000000000001
77420	0.15
78903	0.15
79885	0.1
80361	0.15
81375	0.1
82623	0.07500000000000001
83954	0.07500000000000001
86048	0.1
87700	0.07500000000000001
88810	0.05
89738	0.05
91071	0.025
91772	0.025
92422	0.07500000000000001
93504	0.05
95117	0.05
96537	0.025
97751	0.025
98953	0.025
100233	0
101385	0
102710	0
103901	0
104778	0
105821	0
107088	0
108223	0.025
109130	0.07500000000000001
110838	0.175
112450	0.125
112835	0.07500000000000001
113315	0
113997	0.05
115053	0.07500000000000001
116211	0.07500000000000001
117494	0.1
118417	0.07500000000000001
119287	0.05
120097	0.025
120797	0.05
121952	0.07500000000000001
127459	0.025
129333	0.025
131626	0.025
133492	0.025
135318	0.07500000000000001
137844	0.05
139499	0.05
140115	0.025
140961	0
141654	0.025
142788	0.05
145023	0.07500000000000001
146686	0.07500000000000001
147332	0
148235	0
149080	0
149790	0
150688	0.025
151497	0.1
152403	0.2
153352	0.125
154187	0.15
155327	0.225
156306	0.3
156935	0.2
157534	0.2
159128	0.27499999999999997
160827	0.24999999999999997
161601	0.15
162499	0.1
163418	0
164656	0.025
165383	0.025
166141	0.05
166773	0.05
168326	0.125
170902	0.5000000000000001
175081	0.4250000000000001
175925	0.325
177358	0.3
179024	0.27499999999999997
180599	0.2
181564	0.2
182094	0.225
182844	0.225
183586	0.27499999999999997
184777	0.24999999999999997
186378	0.225
187823	0.225
188648	0.125
189572	0.05
191351	0.025
193146	0.025
194273	0
195196	0
196131	0
196922	0.025
197891	0.025
199057	0.025
199512	0.025
199931	0.025
200994	0.05
202916	0.05
204496	0.025
205255	0
206100	0
206726	0
207694	0
208563	0.025
210639	0.025
212872	0.07500000000000001
214520	0.07500000000000001
215842	0.07500000000000001
216751	0.025
217579	0.025
217796	0.05
218334	0.05
218815	0
219395	0.07500000000000001
220318	0.07500000000000001
221642	0.1
222965	0.07500000000000001
223518	0.07500000000000001
224245	0.07500000000000001
225019	0.15
225854	0.175
226844	0.225
233281	0.2
234137	0.6500000000000002
235223	0.6000000000000002
236098	0.6000000000000002
237142	0.6000000000000002
238339	0.6000000000000002
239112	0.5750000000000002
239703	0.5750000000000002
240363	1.9249999999999972
241664	4.199999999999992
246025	6.4750000000000245
248528	5.850000000000016
249625	6.575000000000026
253148	6.975000000000032
255146	6.300000000000022
256045	7.800000000000043
259774	8.900000000000059
263371	8.32500000000005
266317	8.25000000000005
267112	8.500000000000053
272614	8.750000000000057
273454	10.100000000000076
273946	10.150000000000077
275101	7.57500000000004
276159	7.300000000000036
276591	7.2500000000000355
277380	0.6750000000000003
278868	0.4500000000000001
280619	0.4500000000000001
281496	0.47500000000000014
282221	0.8750000000000004
283277	1.6249999999999982
284076	1.674999999999998
284586	1.4749999999999988
285612	1.8499999999999976
286894	1.399999999999999
287810	0.4250000000000001
288536	0.5000000000000001
288885	0.4000000000000001
289359	0.4250000000000001
290426	0.35000000000000003
291306	0.225
292398	0.3
293617	0.175
294560	0.15
295440	0.175
296207	0.225
297575	0.225
298765	0.6750000000000003
303225	1.1749999999999998
305990	1.3499999999999992
307707	1.3249999999999993
309254	1.2249999999999996
310399	0.8750000000000004
312473	0.5750000000000002
314096	0.6250000000000002
314780	0.6500000000000002
315420	0.7750000000000004
316845	0.8250000000000004
317048	0.6500000000000002
317593	0.9000000000000005
318688	1.7999999999999976
323052	1.699999999999998
323999	1.3749999999999991
327116	1.2249999999999996
329794	1.0000000000000004
330905	0.7500000000000003
331796	0.7250000000000003
333112	0.5250000000000001
334429	0.37500000000000006
335742	0.37500000000000006
336826	0.37500000000000006
337880	0.35000000000000003
338803	0.4250000000000001
340550	0.4000000000000001
342203	0.175
342671	0.24999999999999997
343135	0.37500000000000006
345328	0.4000000000000001
346346	0.4250000000000001
347931	0.225
348974	0.175
350413	0.225
352852	0.3
353904	0.4000000000000001
354710	0.4250000000000001
355519	0.6250000000000002
356293	0.7000000000000003
357488	1.0000000000000004
359898	0.9750000000000004
360588	1.499999999999999
361764	1.8499999999999976
363356	1.8999999999999972
365080	0.9250000000000004
365719	0.47500000000000014
366751	0.3
368228	0.35000000000000003
369417	0.325
370761	0.325
372470	0.37500000000000006
374461	0.5500000000000002
375722	1.15
376795	1.4749999999999988
377788	1.674999999999998
380004	2.299999999999996
382209	3.1749999999999927
383217	2.024999999999997
384130	0.9000000000000005
385194	0.225
385921	0.47500000000000014
386632	0.8250000000000004
387283	0.9500000000000004
388178	0.8500000000000004
389121	0.7500000000000003
390546	0.7000000000000003
391423	0.27499999999999997
392217	0.125
393053	0.15
394006	0.37500000000000006
396493	0.35000000000000003
398364	0.3
399255	0.35000000000000003
400796	0.27499999999999997
401966	0.24999999999999997
402726	0.175
403246	0.15
403923	0.15
405063	0.175
406001	0.175
406988	0.15
407807	0.15
408786	0.15
409540	0.1
410214	0
410621	0
411313	0.05
411866	0.27499999999999997
412201	0.27499999999999997
413140	0.24999999999999997
414142	0.125
415499	0.1
417746	0.05
419916	0.025
421051	0
422101	0.025
423815	0.07500000000000001
425237	0.125
426988	0.24999999999999997
428192	0.4250000000000001
429111	0.27499999999999997
430264	0.05
431017	0.07500000000000001
432151	0.07500000000000001
433554	0.07500000000000001
434343	0.025
434997	0.07500000000000001
436007	0.125
436652	0.1
437432	0.025
438308	0
438772	0
439548	0.07500000000000001
440274	0.175
441074	0.125
442547	0.05
443952	0.025
444523	0
445574	0.025
446647	0.05
447360	0.05
448229	0.27499999999999997
449285	0.6750000000000003
450561	0.6500000000000002
451182	0.2
451654	0.1
452946	0.025
454437	0.025
456108	0.025
457179	0
457933	0
459083	0
460289	0.025
461364	0.05
463366	0.025
464888	0
466151	0.025
467423	0.05
467914	0.025
468512	0.025
469775	0.07500000000000001
471134	0.125
471925	0.07500000000000001
473070	0.07500000000000001
474839	0.025
476080	0.05
476922	0.025
478044	0.025
478978	0.05
479450	0.1
480161	0.1
481155	0.1
482329	0.07500000000000001
482955	0.025
483514	0.025
483836	0.175
488335	0.225
489397	0.07500000000000001
491530	0.05
493503	0.025
493861	0
494383	0
495000	0
496370	0.025
497553	0.025
498020	0
499370	0
500810	0
501745	0
502685	0.025
503973	0.025
505593	0.025
507280	0.125
508934	0.15
510049	0.1
510698	0.07500000000000001
511361	0.1
512202	0.07500000000000001
513239	0.1
514720	0.1
516701	0.175
517816	0.6500000000000002
518790	1.5249999999999986
520280	1.2249999999999996
520964	0.6750000000000003
521907	0.6250000000000002
522622	0.6250000000000002
523502	0.6000000000000002
524375	0.6250000000000002
525085	0.6750000000000003
525726	0.8500000000000004
527273	2.0499999999999967
529268	1.974999999999997
530347	0.5250000000000001
531281	0.4500000000000001
532007	0.4250000000000001
533395	0.8000000000000004
535614	0.9000000000000005
536950	0.7750000000000004
538417	0.5750000000000002
539804	0.27499999999999997
541049	0.24999999999999997
542143	0.35000000000000003
543164	0.4500000000000001
546003	0.5500000000000002
547476	0.2
548524	0
549375	0
550788	0
551573	0.05
552088	0.05
552726	0.05
553337	0
554450	0
555439	0
555913	0.05
556454	0.6000000000000002
557719	0.7250000000000003
558615	1.0000000000000004
559663	1.2749999999999997
561244	1.3499999999999992
563176	1.724999999999998
565767	2.9499999999999935
567757	2.874999999999994
568809	0.6000000000000002
569999	0.7750000000000004
570880	0.5750000000000002
571673	0.5500000000000002
573868	0.325
576233	0.37500000000000006
577705	0.1
578763	0.07500000000000001
579360	0.1
579741	0.07500000000000001
580490	0.7250000000000003
581172	0.7500000000000003
582650	0.7500000000000003
584198	0.05
586166	0.025
586879	0
588925	0.05
591648	0.1
592619	0.1
593520	0.1
594515	0.07500000000000001
595753	0.07500000000000001
596860	0.05
598114	0.025
599517	0
600764	0
601566	0
602148	0.05
603588	0.1
604882	0.07500000000000001
605535	0.025
606768	0.15
607663	0.2
608561	0.24999999999999997
609769	0.225
610798	0.1
611824	0.05
613044	0.15
614177	0.5000000000000001
614559	0.37500000000000006
614952	0.3
615790	0.07500000000000001
617038	0.05
618260	0.05
618949	0.05
619995	0.05
621226	0.07500000000000001
621825	0.07500000000000001
622517	0.1
624253	0.125
625391	0.125
626464	0.1
628024	0.1
628583	0.025
628933	0.07500000000000001
629612	0.07500000000000001
630236	0.025
630920	0.025
631831	0.025
632747	0.025
633300	0.025
634147	0.05
635437	0.025
636548	0.025
638057	0
639272	0
639668	0
640392	0
641042	0
641880	0
642686	0.025
644283	0.05
646050	1.0000000000000004
646803	1.2249999999999996
647751	0.3
648451	0.125
649158	0.05
650152	0.1
651998	0.1
653833	0.1
655066	0.05
655828	0.025
656598	0
657964	0
659409	0.025
662068	0.05
663532	0.025
664566	0
665759	0
666793	0.025
668499	0.175
670201	0.15
671090	0.07500000000000001
671906	0.1
672906	0.1
673788	0.1
674814	0.07500000000000001
676180	0.07500000000000001
677284	0.07500000000000001
678159	0.1
679592	0.27499999999999997
681569	0.175
682485	0.05
682955	0.05
683732	0.05
684318	0
684952	0
685791	0.025
686910	0.35000000000000003
688446	1.5249999999999986
690202	2.024999999999997
692328	1.649999999999998
694006	0.35000000000000003
695627	0.24999999999999997
696946	0.27499999999999997
698829	0.3
700171	1.3499999999999992
700629	1.1
701590	0.175
703081	0.05
704464	0.07500000000000001
705187	0.05
705975	0.07500000000000001
706798	0.05
707596	0.225
708512	0.5500000000000002
710350	0.8250000000000004
711888	0.4000000000000001
712257	0.07500000000000001
713314	0.05
714571	0.07500000000000001
716880	0.05
718904	0
720358	0.025
721375	3.074999999999993
722607	3.5749999999999913
723255	3.4999999999999916
725278	4.875000000000002
726647	1.3749999999999991
727288	0
727491	0
727990	0
728535	0.025
729099	0.025
730010	0
731422	0
732363	0
733029	0.025
735092	0.025
736011	0.025
736838	0.025
737613	0.025
738645	0
739713	0
740812	0.05
741900	0.07500000000000001
743001	0.07500000000000001
744042	0.05
745547	0.025
746745	0.025
747342	0.025
747966	0.025
748697	0.025
749574	0.025
750513	0.025
751574	0.05
752589	0.175
753776	0.225
755094	0.4000000000000001
757124	0.35000000000000003
759036	0.2
760068	0.4500000000000001
760980	0.3
762300	0.24999999999999997
763552	0.07500000000000001
764646	0.1
765587	0.1
766296	0.1
768224	0.025
769727	0.05
771072	0.05
771845	0.025
772346	0
772704	0
773055	0.07500000000000001
773770	0.5000000000000001
774683	0.5500000000000002
775554	0.225
776652	0.025
777650	0.025
778369	0.025
779089	0.05
780219	0.07500000000000001
781647	0.1
783005	0.05
783841	0.125
785086	0.35000000000000003
786098	0.4000000000000001
787379	0.4000000000000001
788963	0.2
790127	0.15
791029	0.35000000000000003
792101	0.4000000000000001
793798	0.37500000000000006
795334	0.3
796203	0.24999999999999997
797775	0.27499999999999997
799367	0.24999999999999997
800054	0.225
800896	0.24999999999999997
801924	0.27499999999999997
802918	0.27499999999999997
803972	0.3
805070	0.24999999999999997
806198	0.27499999999999997
806681	0.3
807471	0.27499999999999997
808548	0.37500000000000006
810023	1.0000000000000004
811426	0.8750000000000004
813196	0.27499999999999997
814867	0.07500000000000001
815779	0.05
816560	0.025
817552	0.1
818856	0.175
820261	0.24999999999999997
821986	0.2
823233	0.1
824151	0.05
825962	0.07500000000000001
827813	0.15
829186	0.07500000000000001
830253	0.025
831113	0.05
831981	0.05
833142	0.05
834169	0.05
834904	0.1
836103	0.07500000000000001
836899	0.025
837537	0.07500000000000001
838508	0.07500000000000001
839505	0.125
840791	0.125
842092	0.07500000000000001
842439	0.05
842871	0.05
843360	0.05
844233	0.07500000000000001
845010	0.07500000000000001
846154	0.05
847371	0.1
848420	0.1
849311	0.07500000000000001
850038	0.07500000000000001
850886	0.07500000000000001
851844	0.125
852770	0.05
853462	0
854192	0
854940	0.05
855779	0.15
856324	0.225
856898	0.2
859137	0.2
860363	0.1
861760	0.1
863236	0.1
864558	0.025
865977	0.15
867269	0.2
868872	0.2
870194	0.175
871371	0.15
872890	0.175
874048	0.7500000000000003
874643	0.7750000000000004
875972	0.6000000000000002
878554	0.7500000000000003
880659	0.6250000000000002
883259	0.37500000000000006
884371	0.37500000000000006
885344	0.35000000000000003
886133	0.35000000000000003
888521	0.4250000000000001
889267	0.125
890521	0.1
892266	0.07500000000000001
893807	0.05
895028	0.07500000000000001
897436	0.05
899926	0.05
900914	0.025
902323	0.1
904430	0.5000000000000001
905971	0.5000000000000001
906713	0.47500000000000014
907485	0.6000000000000002
908689	1.2749999999999997
909718	1.5499999999999985
911421	0.5750000000000002
913215	0.325
914760	0.07500000000000001
916116	0.025
917205	0.05
918461	0.6000000000000002
919655	0.6500000000000002
920551	0.1
921840	0.05
922979	0.07500000000000001
924459	0.1
926502	0.2
927866	0.175
929012	0.125
929771	0.1
930232	0.05
931205	0.025
932018	0.025
932936	0.025
933987	0.025
934981	0.07500000000000001
937563	0.1
940977	0.07500000000000001
942356	0.025
942980	0.025
943949	0.05
945273	0.125
947099	0.125
948569	0.07500000000000001
950742	0.07500000000000001
952626	0.07500000000000001
953404	0.05
954382	0.07500000000000001
955431	0.07500000000000001
956191	0.27499999999999997
957221	0.2
958171	0
958993	0.025
960700	0.025
962719	0
964429	0.025
965881	0.025
966979	0.025
967600	0
968067	0.025
969221	0.025
970513	0.05
971337	0.025
972467	0.025
973255	0.05
974609	0.025
975928	0
977301	0
978589	0.05
979245	0.05
979955	0.025
980365	0.025
981169	0.025
982006	0
982306	0
982892	0.27499999999999997
984501	0.5250000000000001
985953	0.4500000000000001
987222	0.4000000000000001
987866	0.325
988356	0.35000000000000003
988980	0.35000000000000003
990315	0.37500000000000006
991667	0.4250000000000001
992294	0.47500000000000014
993075	1.1749999999999998
994322	1.5999999999999983
994908	0.9500000000000004
995580	0.8250000000000004
997543	1.999999999999997
1000574	5.325000000000008
1000857	8.150000000000048
1001235	11.225000000000092
1001775	13.600000000000126
1002454	15.30000000000015
1002984	15.725000000000156
1003987	13.92500000000013
1004667	13.10000000000012
1005274	12.200000000000106
1005462	15.125000000000147
1005598	16.90000000000011
1006147	17.175000000000093
1006556	17.100000000000097
1006840	18.325000000000028
1007572	15.750000000000156
1008216	14.150000000000134
1008564	15.35000000000015
1008870	13.20000000000012
1009512	13.27500000000012
1010641	14.850000000000144
1011777	14.025000000000132
1012026	12.50000000000011
1012336	15.200000000000149
1012917	12.750000000000114
1013182	12.650000000000112
1013641	12.275000000000109
1014742	10.700000000000085
1016051	9.200000000000063
1016435	8.775000000000057
1017171	9.500000000000068
1017709	9.550000000000068
1018340	7.850000000000044
1018686	8.525000000000054
1018898	6.8250000000000295
1019223	7.700000000000042
1020137	7.625000000000041
1021927	5.600000000000012
1023428	4.349999999999994
1024517	3.7249999999999903
1025288	3.7499999999999902
1025597	4.099999999999991
1026556	3.1999999999999926
1027741	2.9499999999999935
1028445	2.549999999999995
1029022	2.9999999999999933
1030072	3.124999999999993
1031764	3.7249999999999903
1033096	3.7249999999999903
1033683	3.699999999999991
1034035	3.324999999999992
1035507	1.9249999999999972
1038211	0.9750000000000004
1039044	0.7500000000000003
1040106	0.8000000000000004
1041965	0.7000000000000003
1043534	0.6250000000000002
1044342	0.6500000000000002
1044955	0.8250000000000004
1046570	0.8500000000000004
1047342	0.7250000000000003
1047775	0.8000000000000004
1048532	0.7250000000000003
1049366	0.5000000000000001
1050298	0.225
1050851	0.15
1051556	0.1
1052157	0.05
1052709	0.07500000000000001
1053599	0.07500000000000001
1054752	0.175
1057092	0.27499999999999997
1060250	0.8250000000000004
1061639	0.7000000000000003
1062675	0.4250000000000001
1063880	0.5500000000000002
1065015	0.5750000000000002
1065536	0.8000000000000004
1066186	0.7250000000000003
1067057	0.7500000000000003
1068722	0.8000000000000004
1070951	1.0500000000000005
1073434	1.4499999999999988
1074167	1.3749999999999991
1075013	1.6249999999999982
1075905	0.47500000000000014
1076575	0.025
1077184	0.05
1077926	0.1
1078578	0.07500000000000001
1079005	0.07500000000000001
1079530	0.125
1080835	0.15
1081331	0.1
1081784	0.1
1082226	0.07500000000000001
1082743	0.05
1083692	0.05
1085019	0.1
1086776	0.2
1088806	0.125
1090348	0.05
1090650	0.4000000000000001
1091533	0.4000000000000001
1092778	0.4000000000000001
1093989	0.05
1094844	0.05
1095419	0.05
1096020	0.025
1096684	0.05
1097485	0.07500000000000001
1098744	0.125
1099653	0.07500000000000001
1100390	0
1101382	0.025
1102514	0.025
1103140	0.05
1103927	0.025
1105266	0.025
1106282	0.05
1106641	0.05
1107193	0.025
1107886	0.025
1108300	0.025
1108861	0.05
1109836	0.07500000000000001
1110836	0.1
1111777	0.07500000000000001
1112570	0.07500000000000001
1113479	0.07500000000000001
1114498	0.07500000000000001
1115856	0.125
1117167	0.24999999999999997
1119431	0.24999999999999997
1122076	0.1
1122978	0
1123710	0
1124109	0
1124827	0
1125891	0.05
1126848	0.05
1127693	0
1128389	0
1129215	0.05
1130360	0.05
1131279	0.025
1132100	0.05
1132920	0.05
1133831	0.1
1135241	0.175
1137112	0.175
1138720	0.125
1139103	0
1139614	0
1140328	0
1141263	0
1142070	0.025
1143393	0.1
1144541	0.1
1145189	0.025
1145874	0.05
1146565	0.05
1148938	0.05
1151301	0.05
1152698	0.07500000000000001
1153641	0.05
1154617	0.05
1155720	0.07500000000000001
1156602	0.24999999999999997
1157545	0.175
1158166	0.1
1158978	0.1
1159895	0.4500000000000001
1160717	0.7750000000000004
1161698	0.6250000000000002
1163129	0.6000000000000002
1164351	1.1999999999999995
1165718	1.399999999999999
1166783	0.8500000000000004
1167974	0.6500000000000002
1168983	0.5500000000000002
1169893	0.5250000000000001
1170730	0.5750000000000002
1171297	0.7750000000000004
1172421	1.3249999999999993
1174410	2.5999999999999948
1174787	3.4999999999999916
1175379	4.374999999999995
1175638	4.800000000000001
1175819	5.45000000000001
1176247	5.375000000000009
1176976	5.225000000000007
1177523	6.500000000000025
1177850	7.200000000000035
1178685	6.775000000000029
1179471	6.600000000000026
1180347	8.27500000000005
1181021	7.225000000000035
1181435	7.325000000000037
1182219	7.275000000000036
1183068	7.57500000000004
1183567	7.700000000000042
1185137	8.100000000000048
1186771	7.975000000000046
1187968	8.475000000000053
1188281	6.375000000000023
1189076	6.750000000000028
1189422	7.025000000000032
1192125	6.550000000000026
1193549	7.650000000000041
1194340	6.925000000000031
1194802	6.575000000000026
1195728	7.500000000000039
1196938	7.050000000000033
1198001	6.8250000000000295
1198901	6.375000000000023
1200348	6.500000000000025
1201190	6.15000000000002
1201924	6.075000000000019
1202676	6.500000000000025
1203062	5.950000000000017
1205196	5.675000000000013
1207096	6.025000000000018
1209849	5.550000000000011
1214561	4.825000000000001
1218087	2.3999999999999955
1218941	0.9750000000000004
1219780	0.8000000000000004
1220651	0.9500000000000004
1222186	1.15
1222765	1.2249999999999996
1223113	1.4749999999999988
1224441	0.8500000000000004
1225617	0.7000000000000003
1226655	0.7000000000000003
1227250	0.7250000000000003
1227620	1.15
1228595	1.5249999999999986
1229772	1.8499999999999976
1230373	2.224999999999996
1230938	1.8749999999999971
1231425	1.8499999999999976
1231742	0.8750000000000004
1232700	0.8750000000000004
1233367	0.5000000000000001
1233910	0.125
1234687	0.125
1235739	0.15
1236226	0.175
1236815	0.175
1237363	0.15
1238008	0.225
1239233	0.37500000000000006
1240077	0.27499999999999997
1241021	0.15
1242202	0.025
1243554	0.05
1244843	0.1
1246588	0.325
1247782	1.1
1249242	1.5749999999999984
1250662	0.7500000000000003
1251524	0.8000000000000004
1252199	0.5000000000000001
1252894	0.7750000000000004
1254056	0.7500000000000003
1255494	0.6750000000000003
1256324	0.6750000000000003
1257119	0.7000000000000003
1257985	0.7500000000000003
1258986	1.0500000000000005
1260682	1.0750000000000002
1262560	0.7750000000000004
1263596	1.0750000000000002
1266180	1.674999999999998
1268090	1.499999999999999
1269045	0.37500000000000006
1269754	0.225
1270774	0.24999999999999997
1272258	0.24999999999999997
1273275	0
1274012	0
1275166	0
1276377	0
1277334	0
1277944	0
1278548	0.025
1279416	0.125
1280045	0.3
1281055	0.325
1281990	0.05
1282600	0.025
1283178	0.025
1284237	0.05
1285260	0.05
1286476	0.05
1287509	0.025
1288408	0.07500000000000001
1291368	0.1
1294006	0.1
1295127	0.125
1295820	0.4500000000000001
1296774	0.4000000000000001
1298672	0.35000000000000003
1299715	0.35000000000000003
1300656	0.35000000000000003
1301512	0.37500000000000006
1302606	0.4000000000000001
1304130	0.5250000000000001
1304830	0.24999999999999997
1305605	0.2
1306675	0.125
1307838	0.125
1308642	0.225
1309761	0.6000000000000002
1310799	0.5250000000000001
1312865	0.6250000000000002
1315003	0.35000000000000003
1315431	0.4000000000000001
1315565	0.4000000000000001
1316858	0.5250000000000001
1318242	0.35000000000000003
1319171	0.3
1320143	0.24999999999999997
1321149	0.2
1321868	0.225
1322798	0.5250000000000001
1324525	0.8250000000000004
1325601	1.2249999999999996
1326332	1.0500000000000005
1326931	0.5750000000000002
1327504	0.5500000000000002
1328175	0.6500000000000002
1329222	0.7750000000000004
1329853	0.8750000000000004
1330402	0.7250000000000003
1330827	0.8500000000000004
1331701	0.37500000000000006
1332700	0.07500000000000001
1333988	0.07500000000000001
1335468	0.05
1337047	0.07500000000000001
1338542	0.07500000000000001
1339290	0.2
1340571	0.27499999999999997
1342167	0.37500000000000006
1342940	0.15
1343611	0.05
1344734	0.025
1345420	0.025
1347224	0.025
1349220	0.05
1350102	0.1
1350252	0.24999999999999997
1352032	0.24999999999999997
1353729	0.07500000000000001
1354576	0
1355261	0
1356006	0
1357120	0
1357682	0.025
1358080	0.07500000000000001
1358832	0.07500000000000001
1359383	0.175
1360610	0.35000000000000003
1362804	0.325
1364402	0.125
1365505	0.15
1366659	0.15
1367651	0.225
1369765	0.225
1372009	0.15
1373286	0.175
1374319	0.175
1375220	0.05
1376161	0.025
1377075	0.025
1378376	0.325
1379633	2.024999999999997
1379961	1.699999999999998
1380671	1.674999999999998
1381660	0.3
1382160	0
1382451	0.05
1382750	0.07500000000000001
1383093	0.27499999999999997
1384299	0.325
1385799	0.35000000000000003
1386906	0.27499999999999997
1387755	0.27499999999999997
1388733	0.35000000000000003
1389672	0.37500000000000006
1390603	0.35000000000000003
1392261	0.24999999999999997
1393721	0.325
1394606	0.325
1395644	0.225
1396647	0.15
1397999	0.1
1399225	0.025
1400674	0.07500000000000001
1401742	0.07500000000000001
1402596	0.05
1403418	0.125
1404392	0.47500000000000014
1407882	0.5500000000000002
1409255	0.5250000000000001
1410143	0.4250000000000001
1410797	0.4250000000000001
1411800	2.549999999999995
1412628	3.8499999999999903
1413611	3.5249999999999915
1414471	2.574999999999995
1414808	1.999999999999997
1415483	2.199999999999996
1416402	0.3
1417764	0.24999999999999997
1418617	0.1
1419420	0.175
1420703	0.325
1423150	0.24999999999999997
1423715	0.24999999999999997
1424639	0.07500000000000001
1427334	0.07500000000000001
1429503	0.025
1429844	0.05
1430660	0.175
1432682	0.24999999999999997
1434091	0.27499999999999997
1434355	2.3499999999999956
1438684	3.2999999999999923
1443123	3.149999999999993
1444154	1.4749999999999988
1444905	1.2749999999999997
1446247	1.2749999999999997
1447798	0.5500000000000002
1448788	0.325
1451243	0.6750000000000003
1453867	1.0750000000000002
1455183	1.1
1456417	1.4499999999999988
1457343	3.2249999999999925
1457939	2.9999999999999933
1459152	1.7499999999999978
1460502	0.37500000000000006
1462244	0.225
1463306	0.125
1463750	0.15
1464502	0.225
1465612	0.175
1466401	0.2
1467335	0.325
1468290	0.24999999999999997
1469236	0.07500000000000001
1470536	0.37500000000000006
1471715	1.3499999999999992
1473057	1.499999999999999
1474577	1.499999999999999
1475674	0.37500000000000006
1476652	0.05
1477510	0.1
1478641	0.3
1479826	0.325
1480115	0.225
1480457	0.125
1480938	0.4250000000000001
1482729	0.5000000000000001
1484552	1.3499999999999992
1485945	2.4499999999999953
1491904	2.1249999999999964
1492707	1.9249999999999972
1493358	1.949999999999997
1498346	2.299999999999996
1499176	1.7749999999999977
1499993	1.674999999999998
1500702	2.0999999999999965
1501584	1.2749999999999997
1502549	0.6000000000000002
1503416	0.1
1504100	0.125
1505220	0.225
1507859	0.47500000000000014
1510518	2.0749999999999966
1511897	1.974999999999997
1512891	0.4250000000000001
1514439	0.2
1516100	0.175
1516861	0.175
1517559	0.325
1517840	0.325
1518160	0.35000000000000003
1518670	0.35000000000000003
1520157	0.27499999999999997
1521231	0.24999999999999997
1521509	0.8250000000000004
1522177	1.8249999999999975
1523781	2.524999999999995
1526207	1.8499999999999976
1527765	1.2499999999999996
1530956	2.0749999999999966
1532297	2.4249999999999954
1533769	1.6249999999999982
1535392	1.0000000000000004
1535965	0.8000000000000004
1537433	0.6250000000000002
1539369	0.5750000000000002
1540137	0.8250000000000004
1540667	3.4499999999999917
1545863	3.5749999999999913
1546441	4.825000000000001
1548655	6.225000000000021
1549725	6.500000000000025
1550323	6.925000000000031
1550830	6.9000000000000306
1551596	6.9000000000000306
1552194	8.075000000000047
1552995	10.775000000000086
1553798	5.400000000000009
1554609	4.02499999999999
1555449	1.4499999999999988
1556828	1.5999999999999983
1558490	1.5999999999999983
1559517	1.6249999999999982
1560160	1.7999999999999976
1561381	1.7749999999999977
1562616	1.2749999999999997
1563991	1.1999999999999995
1564943	0.6250000000000002
1565705	0.6250000000000002
1566134	0.4500000000000001
1566467	0.5250000000000001
1567352	0.7250000000000003
1569979	0.7500000000000003
1570824	0.27499999999999997
1571755	0.37500000000000006
1572459	0.37500000000000006
1573302	0.4000000000000001
1574540	0.5250000000000001
1575308	1.424999999999999
1576020	1.724999999999998
1577994	1.9249999999999972
1579527	0.9000000000000005
1580332	0.5000000000000001
1580954	0.5250000000000001
1581822	0.8750000000000004
1583282	2.3249999999999957
1584826	3.4499999999999917
1586934	4.299999999999994
1597514	4.75
1599550	4.825000000000001
1601695	4.850000000000001
1601987	4.599999999999998
1603249	4.950000000000003
1604962	4.649999999999999
1605822	4.800000000000001
1606974	4.950000000000003
1608296	5.750000000000014
1609028	5.250000000000007
1609236	5.600000000000012
1610288	5.125000000000005
1611155	5.650000000000013
1611873	7.150000000000034
1614041	8.32500000000005
1616115	10.075000000000076
1617599	9.900000000000071
1618476	10.37500000000008
1620574	10.075000000000076
1621690	12.850000000000117
1622477	13.700000000000127
1623296	15.35000000000015
1623633	14.975000000000144
1624049	16.17500000000015
1624594	16.50000000000013
1624778	16.20000000000015
1624981	16.37500000000014
1625176	15.97500000000016
1625752	13.17500000000012
1625938	10.875000000000089
1627363	9.600000000000067
1628805	7.675000000000042
1629598	5.125000000000005
1630935	4.474999999999996
1633040	1.8249999999999975
1633508	1.0000000000000004
1633994	0.5250000000000001
1634650	0.5750000000000002
1635247	1.2499999999999996
1638511	1.4499999999999988
1640780	1.3749999999999991
1641518	0.4000000000000001
1642295	0.2
1643426	0.1
1644354	0.15
1645437	0.15
1646628	0.15
1647808	0.125
1649014	0.1
1649854	0.05
1650468	0.1
1650802	0.2
1651914	0.325
1653150	0.175
1654621	0.125
1656383	0
1657732	0.025
1658821	0.025
1659346	0.025
1660002	0.125
1661016	0.15
1662207	0.07500000000000001
1663370	0.07500000000000001
1665038	0.1
1666647	0.07500000000000001
1668090	0.225
1669521	0.3
1670879	0.3
1672468	0.2
1674053	0.125
1674966	0.125
1675976	0.2
1677461	0.15
1678853	0.125
1680043	0.1
1681100	0.125
1682368	0.07500000000000001
1682782	0.025
1683369	0
1683949	0.025
1685394	0.15
1687088	0.175
1687931	0.07500000000000001
1688592	0.025
1689257	0.125
1690937	0.125
1692096	0.07500000000000001
1692873	0.025
1694002	0.025
1695096	0
1695644	0
1696464	0
1697526	0.025
1698024	0.025
1698560	0
1699109	0.07500000000000001
1700544	0.175
1701811	0.175
1702601	0.15
1703217	0.05
1703739	0.05
1704624	0.025
1705457	0.025
1706087	0.07500000000000001
1706956	0.07500000000000001
1707878	0.025
1708710	0
1709731	0.05
1710526	0.07500000000000001
1711382	0.1
1712358	0.1
1713542	0.05
1715013	0.025
1715947	0.025
1717169	0.025
1718525	0.05
1719879	0.175
1720960	0.325
1722156	0.27499999999999997
1722982	0.175
1723706	0.15
1724423	0.2
1725806	0.24999999999999997
1727191	0.2
1728064	0.025
1729433	0
1730568	0
1731252	0
1732111	0.05
1732942	0.1
1734184	0.125
1735168	0.1
1736294	0.05
1737231	0.025
1738058	0.025
1738457	0
1740187	0.05
1742485	0.3
1743648	0.27499999999999997
1744533	0.2
1745999	0.24999999999999997
1747077	0.225
1747920	0.15
1749242	0.15
1750629	0.325
1751703	0.47500000000000014
1752350	0.35000000000000003
1752857	0.37500000000000006
1753728	0.175
1754896	0.1
1755684	0.175
1756711	0.24999999999999997
1758780	0.175
1760718	0.025
1761815	0.025
1762565	0.025
1763383	0.07500000000000001
1764520	0.15
1765356	0.125
1766040	0.05
1766690	0.125
1767518	0.175
1768258	0.1
1769606	0.05
1771306	0.025
1772427	0
1772756	0.025
1773169	0.025
1774462	0.15
1776068	0.15
1777206	0.175
1777692	0.125
1778822	0.05
1779533	0.05
1780214	0.07500000000000001
1780953	0.1
1781702	0.05
1782495	0.05
1783618	0.175
1784492	0.225
1785937	0.2
1787494	0.05
1788562	0.05
1789761	0.05
1790367	0.1
1791272	0.125
1792196	0.07500000000000001
1792825	0.05
1793609	0.025
1794696	0
1795387	0.025
1796120	0.07500000000000001
1797177	0.07500000000000001
1798325	0.125
1799733	0.1
1800986	0.05
1802110	0.025
1803569	0.07500000000000001
1804494	0.175
1805192	0.225
1805900	0.2
1806526	0.125
1807393	0.15
1808716	0.125
1809810	0.07500000000000001
1810857	0.07500000000000001
1811830	0.05
1812430	0.07500000000000001
1812736	0.125
1813779	1.0500000000000005
1815505	1.424999999999999
1817009	0.5000000000000001
1817923	0.07500000000000001
1819288	0.24999999999999997
1820915	0.225
1821730	0.125
1822823	0.125
1823999	0.15
1825005	0.15
1825978	0.2
1826875	0.175
1827835	0.2
1829063	0.15
1830318	0.15
1831362	0.125
1831746	0
1832792	0.025
1833816	0.15
1834736	0.15
1835626	0.125
1837402	0.05
1839123	0.07500000000000001
1840649	0.175
1842313	0.175
1843352	0.125
1844102	0.05
1844691	0.15
1845790	0.125
1846609	0.05
1846932	0.07500000000000001
1847754	0.15
1848659	0.225
1849022	0.175
1849296	0.37500000000000006
1849968	1.974999999999997
1851387	2.1249999999999964
1852902	0.4250000000000001
1854207	0
1854885	0.025
1856246	0.025
1857503	0.025
1858259	0
1858607	0
1859451	0
1860425	0
1861580	0.025
1863192	0.125
1864773	0.3
1866499	0.4250000000000001
1867448	0.24999999999999997
1868286	0.05
1868996	0.1
1869937	0.125
1870621	0.15
1871296	0.07500000000000001
1872370	0.05
1873010	0
1873669	0.05
1874928	0.1
1876812	0.07500000000000001
1878469	0
1879862	0
1880583	0.025
1881576	0.125
1883503	0.175
1885616	0.1
1886575	0.025
1886851	0.025
1887318	0.05
1888211	0.05
1888831	0.025
1889458	0.025
1889899	0.05
1890444	0.05
1891126	0.05
1892484	0.37500000000000006
1894052	0.5750000000000002
1894887	0.35000000000000003
1895277	0.125
1896145	0.025
1897110	0.05
1898373	0.05
1900251	0.07500000000000001
1901229	0.05
1901761	0.175
1903030	0.9500000000000004
1904368	1.1749999999999998
1905634	0.4250000000000001
1906804	0.025
1907699	0
1908466	0.025
1909509	0.07500000000000001
1910328	0.05
1911210	0.05
1911773	0.05
1912439	0.05
1913059	0.025
1914169	0.05
1915648	0.05
1916337	0.07500000000000001
1916996	0.05
1917606	0.025
1918460	0.05
1920325	0.1
1922115	0.1
1923426	0.05
1924096	0.05
1925461	0.1
1926577	0.175
1927812	0.3
1929418	0.325
1930523	0.24999999999999997
1931050	0.15
1931784	0.175
1932742	0.37500000000000006
1934293	0.4250000000000001
1935520	0.24999999999999997
1936775	0.2
1938225	0.24999999999999997
1939128	0.225
1939987	0.2
1940454	0.3
1941623	0.325
1942556	0.07500000000000001
1943643	0.125
1944703	0.15
1945968	0.125
1947289	0.05
1948832	0.025
1949288	0.025
1950039	0.025
1950621	0.025
1951027	0.025
1951943	0.15
1952943	0.7000000000000003
1954199	0.8000000000000004
1955446	0.27499999999999997
1956687	0.05
1957586	0.05
1958127	0.05
1959094	0.05
1959801	0.07500000000000001
1960643	0.125
1961669	0.15
1962404	0.1
1963085	0.125
1964658	0.15
1966521	0.15
1967454	0.1
1967841	0.05
1968845	0.05
1969829	0.15
1970825	0.225
1971541	1.0250000000000004
1974923	1.3249999999999993
1975607	1.2999999999999994
1976886	1.7999999999999976
1978087	0.7000000000000003
1979406	1.1
1980240	0.9250000000000004
1981269	1.1749999999999998
1982196	0.9000000000000005
1982978	0.7750000000000004
1983879	0.7750000000000004
1984618	0.8500000000000004
1985323	1.0250000000000004
1985715	0.6250000000000002
1986266	0.5750000000000002
1986779	0.5750000000000002
1987315	0.4500000000000001
1988309	0.37500000000000006
1988759	0.24999999999999997
1989129	0.1
1989946	0.15
1991198	0.15
1992307	0.125
1992935	0.05
1994027	0.05
1994711	0.175
1995636	0.5750000000000002
1996759	1.6249999999999982
1997774	2.5999999999999948
1998606	3.124999999999993
2000156	2.6249999999999947
2001369	0.8750000000000004
2002439	0.1
2003058	0.07500000000000001
2003876	0.225
2004696	0.225
2005597	0.5250000000000001
2007173	1.5249999999999986
2010018	1.3249999999999993
2011338	1.3499999999999992
2012872	1.2749999999999997
2014661	1.2249999999999996
2016208	1.2499999999999996
2019932	1.3249999999999993
2027819	1.3249999999999993
2033112	1.674999999999998
2034060	1.5999999999999983
2035254	1.5999999999999983
2037185	1.674999999999998
2039220	1.974999999999997
2042340	2.1749999999999963
2043839	1.674999999999998
2045326	1.2499999999999996
2046754	1.399999999999999
2048469	1.7749999999999977
2049978	1.399999999999999
2051013	1.499999999999999
2054789	1.125
2056739	1.1749999999999998
2057034	1.125
2057614	1.5749999999999984
2057947	1.5249999999999986
2061937	0.9000000000000005
2065120	0.9000000000000005
2067522	1.0500000000000005
2069417	1.0250000000000004
2071462	0.9750000000000004
2072256	0.9000000000000005
2073227	0.9000000000000005
2075346	1.1
2079294	1.0250000000000004
2080414	0.9250000000000004
2081478	0.3
2082401	0.4500000000000001
2083041	0.6500000000000002
2083666	0.37500000000000006
2084827	0.5000000000000001
2085891	0.5000000000000001
2087496	0.8500000000000004
2088753	0.8250000000000004
2089929	0.7750000000000004
2090537	0.7750000000000004
2091722	0.8000000000000004
2092803	0.8000000000000004
2093508	0.7750000000000004
2094038	2.8999999999999937
2094596	2.8999999999999937
2094983	2.6249999999999947
2095636	2.474999999999995
2096829	2.849999999999994
2098089	3.0249999999999932
2099313	1.1999999999999995
2100265	0.9500000000000004
2100717	0.6000000000000002
2101118	1.15
2101604	1.1
2102470	0.4500000000000001
2103433	0.5250000000000001
2104372	0.6500000000000002
2105877	1.125
2107344	1.1
2108765	0.5750000000000002
2109677	0.5750000000000002
2110299	0.5500000000000002
2110548	0.5250000000000001
2111602	0.5250000000000001
2112710	0.47500000000000014
2113894	0.47500000000000014
2114962	0.47500000000000014
2115791	0.47500000000000014
2116454	0.47500000000000014
2117193	1.2249999999999996
2117880	2.9249999999999936
2118860	3.89999999999999
2120079	5.125000000000005
2121614	10.525000000000082
2122953	11.425000000000097
2123730	12.975000000000117
2124350	12.250000000000108
2124966	13.050000000000118
2129652	18.12500000000004
2130971	12.275000000000109
2132289	11.12500000000009
2133536	10.40000000000008
2137014	10.550000000000082
2138451	7.475000000000039
2140047	6.15000000000002
2141375	6.1250000000000195
2142220	5.800000000000015
2142943	5.750000000000014
2143989	5.675000000000013
2144851	5.775000000000015
2145514	4.599999999999998
2146506	4.649999999999999
2147698	4.674999999999999
2148548	4.950000000000003
2150808	2.9249999999999936
2152113	2.274999999999996
2152910	1.4749999999999988
2154930	1.399999999999999
2156716	0.27499999999999997
2157955	0.125
2158658	0.15
2160955	0.175
2163148	0.2
2164382	0.2
2166041	0.325
2167348	0.35000000000000003
2168095	0.27499999999999997
2169869	0.24999999999999997
2172114	0.325
2175214	0.4250000000000001
2177461	0.37500000000000006
2178867	0.225
2179927	0.5250000000000001
2180634	0.8250000000000004
2181227	0.5750000000000002
2182645	0.5000000000000001
2184068	0.47500000000000014
2185033	0.5000000000000001
2186808	0.8750000000000004
2188147	0.9500000000000004
2189170	1.2249999999999996
2190091	1.5749999999999984
2191101	2.249999999999996
2194436	2.0499999999999967
2195523	1.4749999999999988
2196705	0.6750000000000003
2198126	0.07500000000000001
2199264	0.1
2200245	0.1
2201075	0.125
2201909	0.125
2202784	0.15
2203575	0.6250000000000002
2204328	0.6750000000000003
2204977	0.24999999999999997
2205758	0.3
2206526	0.47500000000000014
2208299	0.5750000000000002
2209892	0.5750000000000002
2210581	0.4000000000000001
2211286	0.225
2212244	0.175
2213947	0.2
2216999	0.3
2220719	0.37500000000000006
2222754	2.9499999999999935
2223217	2.874999999999994
2224237	2.9749999999999934
2225931	0.35000000000000003
2227632	0.325
2229198	0.27499999999999997
2230555	0.225
2231062	0.1
2231703	0.025
2232902	0.15
2234332	0.175
2234811	0.05
2235211	0.05
2236045	0.05
2237079	0.025
2238123	0.05
2239905	0.05
2242122	0.025
2243485	0
2244418	0
2245171	0.05
2245960	0.15
2247112	0.24999999999999997
2249000	0.37500000000000006
2249913	0.2
2250456	0
2251376	0
2252327	0.1
2252809	0.1
2253742	0.175
2254972	0.225
2256338	0.24999999999999997
2257619	0.2
2258939	0.225
2260238	0.175
2261478	0.125
2262408	0.125
2263418	0.24999999999999997
2264863	0.24999999999999997
2266885	0.15
2268228	0.07500000000000001
2269329	0.05
2270356	0.1
2271333	0.225
2272615	0.27499999999999997
2273565	0.35000000000000003
2274606	0.35000000000000003
2275794	0.325
2276721	0.175
2278494	0.175
2279826	0.1
2280860	0.125
2282383	0.1
2283098	0.5000000000000001
2283666	0.5500000000000002
2284908	0.27499999999999997
2286252	0.27499999999999997
2287140	0.225
2288192	0.2
2289434	0.2
2291201	0.2
2292656	0.225
2293715	0.175
2295024	0.2
2295995	0.175
2297096	0.175
2298066	0.15
2299444	0.15
2300591	0.15
2301375	0.15
2302174	0.175
2303188	0.9500000000000004
2304752	1.0500000000000005
2305902	1.0750000000000002
2306787	0.15
2307588	0
2308835	0.025
2310043	0.025
2310384	0.025
2310854	0.025
2311596	0
2312232	0
2312861	0
2313396	0.025
2314049	0.025
2314815	0.05
2316413	0.025
2317784	0.025
2318153	0.025
2318591	0.025
2319052	0.05
2320269	0.175
2322131	0.15
2323354	0.2
2324211	0.24999999999999997
2325344	0.4000000000000001
2326547	0.325
2329186	0.3
2330864	0.3
2332813	0.5250000000000001
2335318	0.47500000000000014
2336920	0.47500000000000014
2338140	0.6500000000000002
2338796	0.7500000000000003
2339779	0.47500000000000014
2341063	0.4000000000000001
2342117	0.4000000000000001
2343334	0.4000000000000001
2346357	0.37500000000000006
2349009	0.27499999999999997
2350162	0.1
2352468	0.125
2354290	0.07500000000000001
2356673	0.05
2360373	0.05
2362271	0
2362963	0.4500000000000001
2363469	3.92499999999999
2364535	4.599999999999998
2365757	1.125
2367523	0.5250000000000001
2368956	0
2370178	0.125
2372036	0.125
2372577	0.5000000000000001
2373641	1.724999999999998
2374945	1.4499999999999988
2375954	1.0500000000000005
2377166	0.5250000000000001
2378138	0
2378900	0.025
2379453	0.07500000000000001
2380622	0.07500000000000001
2381689	0.07500000000000001
2383164	0.025
2384597	0.025
2385868	0.025
2386858	0.025
2387219	0.025
2387539	0
2388459	0
2389615	0.025
2390524	0.025
2391347	0.025
2392558	0.05
2394129	0.05
2395008	0.025
2395446	0.07500000000000001
2396200	0.24999999999999997
2396908	0.37500000000000006
2397505	0.35000000000000003
2398340	0.6000000000000002
2399387	0.4500000000000001
2400887	0.07500000000000001
2402736	0.05
2403805	0.025
2404230	0.025
2404790	0.025
2405564	0.025
2407413	0.025
2409497	0.05
2410413	0.05
2411567	0.025
2412893	0.025
2413461	0.05
2414028	0.07500000000000001
2414782	0.1
2416779	0.07500000000000001
2417771	0
2419046	0
2420374	0
2420957	0
2421514	0
2422681	0.025
2424429	0.05
2426472	0.05
2427516	0.025
2428120	0.025
2428774	0.025
2429555	0
2430117	0.025
2430765	0.1
2432732	0.1
2433485	0.05
2434183	0.025
2435007	0.1
2436010	0.15
2436951	0.125
2438089	0.05
2439129	0.025
2440236	0.025
2441191	0.025
2442352	0.025
2443294	0.025
2444113	0.025
2445025	0.025
2446166	0.175
2447330	0.225
2448414	0.175
2449878	0.05
2451650	0.05
2452913	0.05
2453360	0.025
2454038	0
2454855	0.025
2455813	0.025
2456857	0.025
2457764	0.15
2458788	0.175
2459482	0.125
2459982	0.07500000000000001
2460470	0.07500000000000001
2461115	0.15
2462835	0.2
2464523	0.2
2465614	0.07500000000000001
2467132	0.025
2468859	0.05
2469838	0.1
2471022	0.175
2472131	0.15
2473269	0.7500000000000003
2474452	1.5499999999999985
2475806	1.8499999999999976
2477157	1.2999999999999994
2478698	1.1749999999999998
2480048	0.37500000000000006
2481353	0.4000000000000001
2483461	0.5000000000000001
2485886	0.5000000000000001
2487005	0.4000000000000001
2488394	0.35000000000000003
2489920	0.175
2491373	0.15
2492121	0.1
2492457	0.1
2493391	0.07500000000000001
2494962	0.07500000000000001
2496806	0.1
2498038	0.1
2498848	0.2
2500527	0.125
2502318	0.07500000000000001
2503379	0.1
2504561	0.1
2505370	0.05
2506234	0.07500000000000001
2507549	0.05
2508455	0.025
2509378	0.1
2510934	0.15
2512678	0.125
2514570	0.125
2514958	0.07500000000000001
2515902	0.24999999999999997
2517818	0.3
2519140	0.24999999999999997
2520245	0.27499999999999997
2521292	0.325
2522176	0.35000000000000003
2523228	0.1
2523833	0.05
2524951	0.05
2526529	0.025
2527638	0
2528689	0
2529687	0
2530724	0
2531883	0.025
2532606	0.07500000000000001
2533321	0.125
2533963	0.07500000000000001
2535102	0.025
2536078	0
2536932	0.025
2537857	0.125
2538918	0.2
2540042	0.5500000000000002
2541206	0.5500000000000002
2542545	0.225
2543378	0.05
2543951	0.025
2544375	0.025
2545236	0.05
2546124	0.125
2547106	0.6500000000000002
2547928	0.5250000000000001
2548520	0.5500000000000002
2549303	0.6000000000000002
2550448	1.8999999999999972
2551842	1.8999999999999972
2553154	0.325
2554530	0.025
2555532	0
2556662	0.025
2557519	0.025
2557916	0
2558610	0.05
2559516	0.05
2560265	0
2560830	0.025
2561250	0.07500000000000001
2562850	0.1
2564754	0.07500000000000001
2566250	0.07500000000000001
2567828	0.05
2568785	0.025
2570130	0.07500000000000001
2572176	0.15
2574746	0.2
2577020	0.15
2577765	0.05
2578457	0.07500000000000001
2578987	0.1
2580417	0.24999999999999997
2581871	0.8500000000000004
2582827	0.9500000000000004
2583371	0.24999999999999997
2583914	0.225
2584887	0.05
2585758	0.24999999999999997
2586279	4.449999999999996
2587143	5.125000000000005
2588618	0.9500000000000004
2589550	0.05
2590241	0.025
2591308	0.025
2592352	0.025
2593508	0.025
2594346	0.05
2595870	0.05
2597678	0.1
2599609	0.15
2600989	0.125
2601187	0.1
2601845	0.125
2602388	0.225
2603540	0.225
2605131	0.07500000000000001
2606714	0.125
2611496	0.15
2616131	0.175
2617763	0.2
2619168	0.15
2620075	0.07500000000000001
2621518	0.025
2622428	0
2623393	0
2624700	0
2625791	0
2627158	0
2628100	0.05
2629603	0.07500000000000001
2633258	0.07500000000000001
2636368	0.07500000000000001
2637672	0.05
2638844	0
2639645	0
2639924	0
2641019	0
2642218	0
2642733	0
2643105	0
2643933	0
2644896	0
2645781	0.025
2646671	0.05
2647645	0.05
2648903	1.2249999999999996
2650104	2.274999999999996
2651254	2.499999999999995
2652061	1.699999999999998
2653039	1.0000000000000004
2654135	0.9000000000000005
2655414	0.9000000000000005
2656684	0.35000000000000003
2658913	0.47500000000000014
2661268	0.4250000000000001
2662555	0.175
2664105	0.15
2664914	0.125
2665811	0.125
2666824	0.15
2668037	0.05
2671292	0.07500000000000001
2674272	0.05
2675298	0
2675925	0.05
2676876	0.27499999999999997
2677486	0.37500000000000006
2678501	0.15
2679056	0
2679798	0
2680626	0
2681416	0
2682515	0
2683917	0.025
2685253	0.025
2685968	0
2686771	0
2687416	0
2688923	0
2690087	0
2691255	0.025
2692395	0.05
2693232	0.05
2693773	0.025
2694614	0.025
2695525	0.1
2696460	0.07500000000000001
2697088	0.15
2698799	0.125
2700920	0.1
2701831	0.07500000000000001
2702613	0.4000000000000001
2705116	0.5250000000000001
2705728	0.5250000000000001
2706041	0.5250000000000001
2713030	0.4500000000000001
2714812	0.1
2715665	0.025
2716658	0.025
2717468	0.05
2718469	0.05
2719652	0.025
2720759	0.07500000000000001
2721688	0.1
2722275	0.1
2723137	0.175
2724007	0.225
2724498	0.4250000000000001
2725097	0.24999999999999997
2725786	0.225
2726203	0.225
2727144	0.225
2728350	0.3
2729469	0.35000000000000003
2730441	0.37500000000000006
2731300	0.3
2732655	0.225
2733805	0.225
2734183	0.225
2734542	0.225
2735167	0.6000000000000002
2736350	0.6750000000000003
2736845	0.7000000000000003
2737455	2.3249999999999957
2738244	3.8749999999999902
2740022	5.025000000000004
2741839	5.525000000000011
2742302	6.075000000000019
2743156	8.350000000000051
2746388	8.750000000000057
2747398	8.95000000000006
2748148	7.950000000000045
2748768	8.32500000000005
2749265	9.225000000000064
2749884	7.475000000000039
2750381	8.400000000000052
2750815	6.425000000000024
2751341	6.600000000000026
2751809	6.1250000000000195
2752155	7.475000000000039
2752368	7.725000000000042
2752702	6.725000000000028
2753355	6.300000000000022
2754213	6.500000000000025
2755175	6.525000000000025
2756618	7.200000000000035
2758018	9.975000000000074
2758893	7.925000000000045
2759837	7.975000000000046
2760322	8.075000000000047
2760864	8.725000000000056
2762318	8.700000000000056
2764719	6.525000000000025
2765308	6.025000000000018
2765670	5.625000000000012
2766080	4.725
2766639	5.47500000000001
2767466	4.524999999999997
2768586	3.2249999999999925
2770524	3.399999999999992
2771667	0.8500000000000004
2773048	0.4500000000000001
2774426	0.5000000000000001
2776003	0.47500000000000014
2777055	0.4250000000000001
2777611	0.4250000000000001
2777999	0.4000000000000001
2778410	0.025
2778832	0.025
2779343	0
2780436	0
2780870	0
2781358	0.05
2782247	0.05
2783217	0.05
2783764	0.05
2784089	0.025
2785339	0.05
2786900	0.05
2788338	0.025
2789464	0.05
2790549	0.15
2791829	0.27499999999999997
2792913	0.2
2793439	0.225
2794941	0.27499999999999997
2796313	0.47500000000000014
2797403	0.35000000000000003
2798589	0.025
2799654	0.025
2800026	0.1
2800316	0.07500000000000001
2801690	0.1
2803333	0.05
2805027	0.05
2805876	0.07500000000000001
2806735	0.125
2807671	0.15
2808752	0.125
2809510	0.07500000000000001
2810186	0.07500000000000001
2810765	0.07500000000000001
2811440	0.05
2812073	0.07500000000000001
2812935	0.125
2814172	0.05
2815835	0.07500000000000001
2817118	0.2
2819035	0.27499999999999997
2820577	0.5750000000000002
2821496	0.4250000000000001
2822988	0.35000000000000003
2824438	0.5000000000000001
2825623	0.5500000000000002
2826270	0.4500000000000001
2826703	0.05
2827288	0
2827943	0
2829078	0
2830412	0
2831790	0.025
2833005	0.025
2833666	0
2834284	0
2834899	0
2835462	0
2836158	0
2837221	0.07500000000000001
2838839	0.175
2840137	0.225
2840562	0.7500000000000003
2842300	1.2749999999999997
2844015	1.5499999999999985
2844777	0.9750000000000004
2845811	0.7750000000000004
2846893	0.8000000000000004
2847840	0.7750000000000004
2848552	0.8750000000000004
2849711	1.724999999999998
2851057	1.3499999999999992
2852079	1.3749999999999991
2853029	1.6249999999999982
2854157	0.9750000000000004
2855180	0.025
2855867	0
2856753	0
2857514	0.025
2858109	0.025
2858638	0
2859148	0
2859662	0
2860678	0
2861848	0.07500000000000001
2863072	1.424999999999999
2864500	2.0499999999999967
2865797	0.8250000000000004
2867552	0.025
2868950	0.175
2869846	0.2
2870603	0.2
2871037	0.225
2871903	0.27499999999999997
2872718	0.24999999999999997
2873788	0.225
2875242	0.225
2876431	0.27499999999999997
2877781	0.6250000000000002
2879186	1.1749999999999998
2880733	1.6249999999999982
2881543	1.3499999999999992
2883340	1.1
2885501	1.3249999999999993
2887056	0.325
2888498	0.1
2889133	0.125
2889425	0.175
2890744	0.325
2892559	0.24999999999999997
2894645	0.2
2896924	0.15
2898285	0.2
2899633	0.125
2900967	0
2901601	0.025
2902156	0.025
2903212	0
2903977	0
2905195	0.025
2907078	0.025
2908464	0.05
2909592	0.05
2910694	0.025
2911619	0.175
2913148	0.175
2914726	0.2
2916432	0.025
2917354	0.025
2917988	0.05
2918948	0.05
2919688	0.025
2920363	0.025
2921286	0.07500000000000001
2922194	0.07500000000000001
2923018	0.025
2923694	0.07500000000000001
2924722	0.6250000000000002
2930189	1.0250000000000004
2931361	2.6999999999999944
2936807	4.524999999999997
2938465	4.349999999999994
2939862	4.299999999999994
2941002	5.100000000000005
2941848	4.599999999999998
2944241	5.250000000000007
2946694	5.0000000000000036
2948144	3.99999999999999
2948984	2.9249999999999936
2952637	3.074999999999993
2953123	2.1749999999999963
2955486	1.8749999999999971
2956330	1.6249999999999982
2957218	1.6249999999999982
2958596	1.6249999999999982
2959830	1.649999999999998
2961126	1.5999999999999983
2962650	0.025
2964291	0
2966975	0.025
2970183	0.025
2973487	0
2975345	0
2975695	0.025
2976177	0.025
2976701	0.025
2977535	0.025
2978376	0.025
2980088	0
2981489	0
2982180	0
2982783	0
2983553	0
2984157	0.025
2984894	0.025
2986042	0.07500000000000001
2987711	0.1
2989892	0.1
2991046	0.125
2992266	0.125
2993067	0.05
2994251	0.07500000000000001
2995655	0.07500000000000001
2996484	0.05
2997779	1.2749999999999997
2999239	2.7499999999999942
3000699	3.099999999999993
3002639	0.5750000000000002
3004238	0.325
3004913	0.025
3006082	0.07500000000000001
3008043	0.07500000000000001
3009293	0.1
3010554	0.07500000000000001
3011905	0.05
3013112	0.07500000000000001
3014431	0.1
3015677	0.05
3016455	0.05
3018615	0.1
3020831	0.07500000000000001
3021935	0.07500000000000001
3023757	0.07500000000000001
3026057	0.1
3027433	0.1
3028810	0.07500000000000001
3029774	0.05
3030977	0.1
3033097	0.125
3033885	0.1
3034345	0.05
3035420	0.025
3036629	0.025
3038244	0.025
3039472	0.025
3040300	0
3041120	0
3041624	0
3041942	0
3042808	0
3043704	0
3044353	0.025
3045270	0.125
3047589	0.15
3049338	0.07500000000000001
3050104	0.025
3051700	0.025
3052913	0.025
3054161	0
3055139	0
3055760	0.07500000000000001
3056006	0.07500000000000001
3056472	0.07500000000000001
3057778	0.025
3058979	0.15
3059480	0.4250000000000001
3060182	1.699999999999998
3061353	3.4499999999999917
3062232	2.9749999999999934
3063229	1.3249999999999993
3064009	0.125
3064896	0.1
3066056	0
3067392	0
3068533	0.05
3069630	0.05
3070158	0.05
3070801	0.05
3071481	0.05
3072152	0.07500000000000001
3072819	0.125
3073427	0.175
3073925	0.125
3074654	0.24999999999999997
3076002	0.24999999999999997
3076945	0.175
3077998	0.15
3079666	0.175
3081319	0.27499999999999997
3082362	0.3
3083323	0.07500000000000001
3084823	0.1
3086424	0.05
3087183	0.2
3088894	0.225
3089937	0.2
3090613	0.025
3091412	0.025
3092266	0.025
3093095	0.025
3093621	0.05
3094493	0.05
3095353	0.05
3096006	0.025
3096431	0.025
3096880	0
3097738	0.025
3098874	0.1
3100018	0.07500000000000001
3101076	0.1
3101783	0.07500000000000001
3102305	0.05
3103352	0.05
3104043	0.05
3104785	0.07500000000000001
3106155	0.125
3107899	0.4500000000000001
3109719	1.399999999999999
3110582	2.849999999999994
3111935	2.7249999999999943
3113073	2.549999999999995
3114509	2.524999999999995
3115727	2.549999999999995
3117107	2.6249999999999947
3118785	4.099999999999991
3120146	4.649999999999999
3121390	4.174999999999992
3122849	4.424999999999995
3124059	4.9250000000000025
3125286	5.2750000000000075
3126211	5.650000000000013
3126440	5.150000000000006
3126916	6.1250000000000195
3127638	4.02499999999999
3129467	3.374999999999992
3130326	0.9500000000000004
3131400	1.1749999999999998
3132188	1.125
3132673	1.1749999999999998
3133137	2.1249999999999964
3139122	2.199999999999996
3139883	1.499999999999999
3140558	1.4749999999999988
3143408	1.5249999999999986
3147014	1.3499999999999992
3149296	0.8250000000000004
3150606	0.5000000000000001
3151424	0.175
3152573	0.2
3153848	0.2
3155231	0.2
3156191	0.4250000000000001
3158012	0.37500000000000006
3159312	0.35000000000000003
3159925	0.325
3160635	0.325
3161795	0.27499999999999997
3162867	0.225
3163713	0.225
3164411	0.225
3165503	0.24999999999999997
3166609	0.15
3167363	0.2
3168248	0.24999999999999997
3169392	0.24999999999999997
3171363	0.2
3172931	0.05
3173621	0.05
3173928	0.05
3174336	0.07500000000000001
3174820	0.125
3175918	0.125
3177356	0.1
3178428	0.1
3179483	0.125
3180374	0.27499999999999997
3181080	0.35000000000000003
3182201	0.4250000000000001
3183008	0.225
3183888	0.1
3184581	0.05
3185168	0
3186380	0.025
3187443	0.025
3188291	0.025
3189487	0.07500000000000001
3190587	0.15
3191664	0.125
3192306	0.125
3193586	0.1
3195322	0.125
3196756	0.125
3197997	0.175
3200865	0.2
3203198	0.225
3204347	0.07500000000000001
3206080	0.37500000000000006
3208150	0.7000000000000003
3209304	1.1
3209794	0.5000000000000001
3210471	0.225
3211472	0.325
3212359	0.2
3212887	0.3
3214264	0.4250000000000001
3214743	0.325
3215388	0.175
3216302	0.175
3217311	0.2
3218324	0.2
3219222	0.225
3221075	0.24999999999999997
3223156	0.24999999999999997
3224421	0.05
3225125	0.05
3225775	0.025
3226301	0.05
3227561	0.025
3228785	0.025
3229707	0.1
3231670	0.07500000000000001
3232920	0.05
3233604	0.05
3234393	0.05
3235303	0.025
3235837	0.125
3236774	0.225
3238404	0.47500000000000014
3240051	0.9250000000000004
3241847	0.7750000000000004
3242697	0.5250000000000001
3242982	0.37500000000000006
3243666	0.125
3244840	0.125
3246807	0.07500000000000001
3248992	0.05
3251085	0.07500000000000001
3252288	0.025
3253281	0
3254498	0
3255184	0
3255781	0.05
3256569	0.07500000000000001
3257697	0.1
3258452	0.125
3259535	0.1
3260816	0.07500000000000001
3261668	0.05
3262759	0.05
3264747	0.07500000000000001
3265999	0.175
3266888	0.27499999999999997
3267869	0.175
3269362	0.025
3271007	0.025
3271860	0
3272736	0
3274958	0.05
3276725	0.07500000000000001
3277729	0.07500000000000001
3279115	0.1
3280842	0.15
3283253	0.4250000000000001
3284515	0.4000000000000001
3285561	0.47500000000000014
3286465	0.225
3287140	0.125
3288058	0.05
3289317	0.07500000000000001
3290746	0.07500000000000001
3291647	0.05
3292749	0.025
3294214	0.1
3296052	1.1999999999999995
3297219	1.3499999999999992
3298283	0.24999999999999997
3298809	0
3299332	0
3299706	0
3300064	0
3300405	0
3300893	0
3301697	0.025
3302657	0.125
3303323	0.175
3304226	0.125
3304682	0.1
3305551	0.1
3306899	0.2
3308525	0.2
3309473	0.07500000000000001
3310829	0.07500000000000001
3312614	0.07500000000000001
3313909	0
3315091	0.4500000000000001
3316154	1.0000000000000004
3318703	0.9250000000000004
3319818	0.175
3320678	0.05
3321746	0.1
3323573	0.4250000000000001
3324675	0.6250000000000002
3325075	0.47500000000000014
3325766	0.47500000000000014
3327060	0.4000000000000001
3327959	0.325
3328596	0.4250000000000001
3329415	0.47500000000000014
3330089	0.4500000000000001
3330869	0.4000000000000001
3332363	0.37500000000000006
3333383	0.5500000000000002
3334218	0.325
3334896	0.37500000000000006
3335683	0.4250000000000001
3336490	0.6000000000000002
3337328	0.5500000000000002
3338843	0.1
3340016	0.025
3340529	0
3341121	0.025
3342042	0.07500000000000001
3342952	0.1
3343523	0.07500000000000001
3343936	0.025
3344325	0
3344833	0
3345801	0
3346747	0
3347770	0.05
3349015	0.05
3350735	0
3352302	0
3353920	0
3355369	0
3356125	0
3356797	0.025
3358498	0.025
3360602	0.025
3361600	0.05
3363128	0.125
3364566	0.125
3366157	0.1
3367219	0
3368305	0.025
3369790	0.05
3371167	0.025
3371754	0
3372295	0.025
3373497	0.025
3374841	0
3375925	0
3376663	0
3376968	0
3377868	0
3378727	0
3379543	0.025
3380362	0.025
3380788	0
3381252	0
3381864	0
3382536	0
3383339	0
3384442	0
3385438	0
3386235	0
3386802	0
3387337	0
3387985	0
3389112	0
3389995	0
3390502	0
3391221	0
3391781	0
3392446	0.27499999999999997
3393123	0.27499999999999997
3393810	0.325
3395535	0.325
3397263	0.35000000000000003
3400586	0.37500000000000006
3403585	1.2749999999999997
3405040	1.5249999999999986
3405896	0.7750000000000004
3406562	0
3407341	0
3408479	0.2
3409779	0.27499999999999997
3410739	0.27499999999999997
3411495	0.125
3412069	0.05
3412979	0.025
3413405	0
3414402	0
3415359	0.025
3416395	0.05
3417702	0.05
3418768	0.025
3419907	0
3420637	0
3420960	0
3422171	0
3423627	0
3424202	0.1
3424951	0.125
3426266	0.07500000000000001
3429045	0.025
3431747	0.05
3432768	0.025
3433318	0
3434113	0
3435252	0
3437049	0.05
3438658	0.15
3440358	0.175
3441278	0.15
3442568	0.15
3444566	0.175
3445811	0.1
3447067	0.07500000000000001
3447975	0.05
3449166	0.05
3450755	0.05
3451591	0
3452769	0.025
3454068	0.05
3454678	0.175
3455354	0.24999999999999997
3455969	0.2
3456393	0.3
3457701	0.4250000000000001
3461480	0.37500000000000006
3461759	0.325
3462813	0.325
3463984	0.225
3465136	0.1
3466075	0.27499999999999997
3472613	0.4500000000000001
3472994	0.27499999999999997
3473529	0.225
3474229	0.24999999999999997
3474791	0.175
3475327	0.24999999999999997
3476098	0.27499999999999997
3477044	0.225
3477787	0.225
3478957	0.27499999999999997
3480312	0.24999999999999997
3481336	0.125
3481649	0.05
3482026	0.05
3482434	0.025
3482916	0.025
3483643	0
3484474	0
3485012	0
3485402	0.025
3485785	0.025
3486540	0.025
3487431	0
3487741	0
3488086	0
3488529	0
3488982	0
3489458	0
3489840	0
3490277	0.025
3490719	0.025
3491072	0
3491550	0
3491772	0
3492073	0
3492641	0
3493176	0
3493496	0
3494062	0
3494642	0
3495092	0
3495720	0
3496223	0.07500000000000001
3496826	0.24999999999999997
3497772	0.5000000000000001
3499094	1.1
3504831	0.9750000000000004
3505271	0.24999999999999997
3505746	0.15
3506524	0.175
3507612	0.175
3508279	0.175
3508860	0.125
3509596	0.05
3510003	0.175
3511620	0.325
3515575	0.325
3516964	0
3517483	0
3517939	0
3518270	0
3518643	0
3519197	0.025
3520131	0.025
3520867	0.025
3521320	0
3521810	0.05
3522822	0.07500000000000001
3524000	0.07500000000000001
3525363	0.07500000000000001
3526831	0.025
3527445	0
3528042	0
3528734	0
3529554	0
3530966	0.025
3532699	0.05
3533676	0.025
3534291	0.05
3534665	0.025
3535140	0.025
3536287	0
3538411	0
3539843	0
3540535	0
3541643	0.7500000000000003
3542665	2.3749999999999956
3543399	2.4499999999999953
3544606	1.724999999999998
3545446	0.9500000000000004
3546073	0.8750000000000004
3547122	0.8750000000000004
3548317	0.8500000000000004
3549164	0.8250000000000004
3549814	0.8000000000000004
3550930	0.8000000000000004
3551804	0.05
3552514	0.15
3554457	0.3
3555736	0.175
3556597	0.05
3557863	0
3558611	0.025
3559023	0.05
3559496	0.1
3560155	0.07500000000000001
3561941	0.05
3563663	0.025
3565336	0.025
3566797	0.025
3567342	0
3568007	0
3569371	0.05
3571423	0.07500000000000001
3572987	0.05
3574019	0.025
3574845	0.05
3576340	0.15
3578829	0.175
3579802	0.175
3581160	0.125
3581924	0.025
3582612	0.025
3583922	0.025
3585688	0
3587936	0.05
3591108	0.175
3593012	0.2
3594137	0.15
3595738	0.1
3596898	0.05
3597709	0.025
3598332	0.07500000000000001
3599437	0.5250000000000001
3600546	0.5250000000000001
3601235	0.9500000000000004
3601977	1.5749999999999984
3604043	1.5249999999999986
3604683	1.2499999999999996
3605201	1.1
3608490	0.7250000000000003
3609319	0.5500000000000002
3611388	0.5750000000000002
3613347	0.05
3614711	0
3616363	0.025
3618440	0.025
3620357	0.025
3621397	0.2
3622421	0.24999999999999997
3623358	0.07500000000000001
3624258	0
3625196	0.025
3626185	0.325
3627282	0.7500000000000003
3629184	0.7750000000000004
3630023	0.5500000000000002
3631069	0.35000000000000003
3632276	0.025
3632854	0.025
3633758	0.05
3634717	0.025
3635580	0
3636780	0.2
3638191	0.24999999999999997
3638933	0.05
3639952	0.025
3641051	0.025
3642116	0.025
3643286	0.325
3644217	0.8250000000000004
3645467	0.6250000000000002
3646668	0.3
3647524	0
3648609	0
3649805	0
3650227	0
3650544	0
3651178	0.025
3652664	0.05
3654146	0.05
3654822	0.025
3655506	0.1
3656418	0.1
3657662	0.1
3658535	0.07500000000000001
3659727	0.07500000000000001
3660986	0.05
3661871	0.025
3662670	0.025
3663452	0.05
3664061	0.6750000000000003
3664373	0.6500000000000002
3664834	0.6000000000000002
3665468	0.5000000000000001
3668165	0.47500000000000014
3669043	0.5000000000000001
3669635	0.6750000000000003
3670733	0.9250000000000004
3672662	0.35000000000000003
3674560	1.399999999999999
3676348	3.2499999999999925
3677563	2.6749999999999945
3679141	0.35000000000000003
3680129	0
3680905	0.025
3682173	0.05
3683333	0.025
3684738	0
3686383	0.025
3687552	0.1
3688500	0.8750000000000004
3688912	1.4499999999999988
3689828	0.9750000000000004
3690592	0.8000000000000004
3691293	0.24999999999999997
3692129	0.2
3693683	0.2
3695815	0.1
3696960	0.05
3697889	0.05
3698447	0.325
3699322	0.5750000000000002
3700182	0.35000000000000003
3700906	0.07500000000000001
3701499	0.025
3701938	0
3702645	0.025
3703993	0.07500000000000001
3704371	0.07500000000000001
3705174	0.07500000000000001
3707334	0.07500000000000001
3708968	0.1
3709618	0.125
3710763	0.125
3713853	0.2
3715781	0.2
3716958	0.1
3718192	0.025
3719233	0
3720794	0.025
3722526	0.025
3724009	0.025
3725089	0.125
3726398	0.125
3728009	0.025
3729809	0.07500000000000001
3732641	0.175
3734913	0.175
3736627	0.175
3739132	0.325
3740814	0.5500000000000002
3741296	0.5500000000000002
3742454	0.5250000000000001
3743326	0.4500000000000001
3744258	0.47500000000000014
3745238	0.325
3746403	0.35000000000000003
3747571	0.1
3748561	0
3749515	0
3750485	0.07500000000000001
3751126	0.1
3752106	0.27499999999999997
3754666	0.27499999999999997
3756027	0.4000000000000001
3758623	0.6750000000000003
3760255	0.7500000000000003
3762132	0.27499999999999997
3763311	0.025
3764099	0.025
3764598	0.025
3765953	0.025
3767602	0.05
3768523	0.05
3769415	0.025
3770349	0
3770881	0.05
3771281	0.07500000000000001
3772684	0.05
3774184	0.05
3774889	0.05
3775715	0.1
3776472	0.15
3776907	0.2
3777974	0.225
3779434	0.325
3780957	0.2
3782301	0.125
3783640	0.1
3784898	0.07500000000000001
3786007	0.07500000000000001
3787754	0.025
3789573	0
3790588	1.2999999999999994
3791351	1.3249999999999993
3792475	1.3749999999999991
3793218	1.5999999999999983
3793933	1.5999999999999983
3794740	2.6249999999999947
3798005	2.524999999999995
3799081	2.4249999999999954
3799835	3.7249999999999903
3800606	6.800000000000029
3801770	8.000000000000046
3803294	2.6249999999999947
3804647	2.0749999999999966
3806336	0.9500000000000004
3807950	0.5000000000000001
3809048	2.774999999999994
3809991	2.9499999999999935
3810743	2.874999999999994
3812417	0.6000000000000002
3814368	0.025
3815235	0.025
3815644	0.07500000000000001
3816214	0.35000000000000003
3817295	0.4500000000000001
3820154	0.325
3823864	0.24999999999999997
3825080	0
3826060	0
3826939	0
3827641	0.025
3828641	0.025
3829384	0
3829807	0
3830289	0
3831522	0
3832957	0
3834070	0.025
3835054	0.025
3836322	0.07500000000000001
3837443	0.175
3838721	0.125
3839720	0.125
3840737	0.9750000000000004
3841923	1.3749999999999991
3843087	2.0999999999999965
3845061	2.524999999999995
3846937	2.024999999999997
3847859	0.9750000000000004
3848813	0.125
3849901	0.1
3851481	0.1
3852367	0.07500000000000001
3853050	0.1
3853636	0.07500000000000001
3853859	0.05
3854528	0.07500000000000001
3855644	0.1
3856461	0.07500000000000001
3857095	0.125
3857750	0.125
3858495	0.125
3859411	0.6250000000000002
3860477	0.7250000000000003
3861489	0.4000000000000001
3862636	0.125
3864046	0.1
3864550	0.025
3865761	0.025
3867183	0.05
3868557	0.1
3870234	0.15
3871812	0.125
3873483	0.15
3874722	0.15
3875509	0.15
3876453	0.15
3877389	0.125
3878372	0.125
3879100	0.2
3879510	0.3
3880548	0.24999999999999997
3882779	0.125
3884639	1.15
3886288	1.8749999999999971
3887625	1.4499999999999988
3888502	1.125
3889377	0.5750000000000002
3890154	0.9250000000000004
3890961	0.7750000000000004
3891969	0.6500000000000002
3892915	0.5250000000000001
3894640	0.15
3896264	0.1
3897757	0
3899178	0.025
3900224	0.4500000000000001
3901364	0.4500000000000001
3902130	0.5500000000000002
3903123	0.6000000000000002
3905164	0.7750000000000004
3906012	0.3
3906439	0.37500000000000006
3906783	1.4499999999999988
3907763	1.8249999999999975
3909364	1.7499999999999978
3910822	1.674999999999998
3912175	0.9250000000000004
3913417	0.1
3913949	0
3914664	0
3915403	0.025
3916661	0.1
3917818	0.47500000000000014
3919158	0.4250000000000001
3920037	0.325
3920769	0.27499999999999997
3921549	0.27499999999999997
3922501	0.125
3923279	0.05
3923999	0.025
3925645	0.05
3927417	0.05
3928504	0.05
3929760	0.025
3931139	0.025
3931422	0
3932632	0
3934243	0.1
3936169	0.15
3937592	0.07500000000000001
3938935	0.05
3939977	0.025
3940988	0
3941668	0
3942673	0.1
3943841	1.1749999999999998
3944477	1.4499999999999988
3945157	1.5249999999999986
3946117	1.7499999999999978
3949128	1.649999999999998
3950781	1.499999999999999
3952270	1.424999999999999
3953336	1.2999999999999994
3954100	0.15
3955023	0.15
3955947	0.2
3957034	1.4749999999999988
3958782	1.5249999999999986
3960543	0.27499999999999997
3961790	0.07500000000000001
3962712	0.05
3963861	0.025
3965114	0.025
3966164	0
3966681	0
3967097	0
3967671	0.025
3968278	0.05
3969396	0.025
3970716	0
3972261	0
3972802	0.025
3973679	0.07500000000000001
3974905	0.07500000000000001
3976373	0.15
3978278	0.24999999999999997
3979588	0.2
3980558	0.175
3981798	0.24999999999999997
3982751	0.37500000000000006
3983786	0.4250000000000001
3984751	0.4000000000000001
3985926	0.15
3987009	0.1
3993576	0.15
3994284	0.24999999999999997
3995238	0.5250000000000001
3997412	0.4500000000000001
3998363	0.24999999999999997
3998979	0.05
4000434	0.025
4002132	0
4003390	0
4004680	0.025
4005604	0.125
4006842	0.225
4008642	0.125
4010152	0
4011080	0.025
4012201	0.07500000000000001
4013622	0.125
4014709	0.07500000000000001
4015853	0.025
4017046	0.05
4018210	0.07500000000000001
4019203	0.175
4019959	0.175
4020866	0.1
4022058	0.05
4023219	0.025
4024432	0
4025481	0.025
4026734	0.05
4028730	0.125
4030333	0.225
4032438	0.2
4033629	0.07500000000000001
4034612	0.025
4035460	0.05
4037580	0.175
4039053	1.724999999999998
4039377	1.949999999999997
4039784	1.1999999999999995
4040335	0.05
4041097	0.07500000000000001
4041896	0.07500000000000001
4042702	0.025
4044225	0.07500000000000001
4045802	0.125
4046718	0.47500000000000014
4047945	1.4499999999999988
4048704	1.8249999999999975
4049374	2.1749999999999963
4050554	1.674999999999998
4051284	0.325
4052117	0
4053588	0.05
4054880	0.1
4055561	0.125
4056493	0.1
4057412	0.07500000000000001
4058337	0.07500000000000001
4059151	0.1
4060876	0.37500000000000006
4062624	0.4250000000000001
4062964	0.5500000000000002
4065721	0.5500000000000002
4067524	0.47500000000000014
4068975	0.4500000000000001
4070051	0.4000000000000001
4071193	0.325
4072025	0.325
4072715	0.4000000000000001
4075386	0.4000000000000001
4076691	0.37500000000000006
4077461	0.4000000000000001
4078456	0.4000000000000001
4079505	0.125
4080667	0.1
4081678	0.1
4082435	0.07500000000000001
4083261	0.125
4084068	0.15
4084977	0.1
4086291	0.05
4087477	0
4088171	0.025
4089291	0.025
4090324	0
4090720	0.025
4091369	0.125
4092190	0.125
4092822	0.07500000000000001
4093979	0.025
4095122	0.025
4096246	0.05
4097932	0.07500000000000001
4099882	0.07500000000000001
4100855	0.1
4101926	0.07500000000000001
4102936	0.1
4109045	0.025
4109583	0.025
4110079	0.025
4110784	0.025
4111607	0.125
4112790	0.175
4114012	0.15
4114690	0.1
4116235	0.07500000000000001
4118326	0.05
4119478	0.025
4120608	0.025
4121583	0
4122454	0.05
4123695	0.1
4125098	0.125
4127087	1.1749999999999998
4128422	1.1
4129196	1.0750000000000002
4130241	1.0750000000000002
4131289	1.0750000000000002
4132211	1.0750000000000002
4133186	2.1499999999999964
4134238	2.199999999999996
4135120	2.1249999999999964
4136180	2.3499999999999956
4137087	1.649999999999998
4138069	0.2
4139360	0.1
4140850	0.1
4141958	0.07500000000000001
4142842	0.1
4143572	0.025
4144223	0.1
4144957	1.125
4145946	1.5499999999999985
4147085	1.399999999999999
4147421	1.5499999999999985
4147728	1.7749999999999977
4148372	2.8999999999999937
4149161	1.5749999999999984
4149940	0.35000000000000003
4150706	0
4152377	0
4153926	0
4154830	0.7500000000000003
4155612	1.1749999999999998
4156940	1.0750000000000002
4157835	0.5250000000000001
4158414	0.125
4159916	0.1
4161277	0.07500000000000001
4162718	0.1
4163589	0.125
4164572	0.225
4165685	0.175
4166746	0.07500000000000001
4167724	0.05
4168853	0.05
4169886	0
4170635	0.225
4171485	0.35000000000000003
4171934	0.125
4172598	0.07500000000000001
4173893	0.025
4174872	0.025
4175688	0
4176479	0
4177100	0
4177681	0
4178072	0
4178664	0
4179639	0
4181069	0.025
4182268	0.225
4183241	0.4250000000000001
4183688	0.27499999999999997
4184487	0.07500000000000001
4185682	0.05
4186623	0.025
4187408	0
4188544	0.07500000000000001
4190312	0.1
4191720	0.4250000000000001
4192191	0.5000000000000001
4192713	0.225
4193729	0.05
4195528	0.1
4197392	0.15
4198708	0.15
4200334	0.125
4201904	0.125
4203375	0.1
4204979	0.1
4206843	0.05
4208479	0.07500000000000001
4209267	0.07500000000000001
4210403	0.1
4211297	0.125
4212890	0.175
4214989	0.125
4215704	0.15
4217063	0.24999999999999997
4218617	0.2
4219228	0.07500000000000001
4219811	0.05
4221329	0.05
4223704	0.025
4225907	0.05
4227139	0.05
4228037	0.025
4229172	0.125
4232279	0.1
4233631	0.1
4234773	0.05
4236386	0.07500000000000001
4237670	0.07500000000000001
4238730	0.05
4239261	0
4240031	0.1
4241872	0.1
4243167	0.15
4249631	0.125
4250624	0
4251599	0.07500000000000001
4254609	0.07500000000000001
4255075	0
4255721	0
4256291	0
4257183	0
4257681	0.025
4260198	0.05
4264400	0.15
4267318	0.125
4268267	0.07500000000000001
4268754	0.05
4269215	0.025
4269903	0
4271168	0
4272587	0
4273306	0.025
4274265	0.025
4275142	0.07500000000000001
4275816	0.05
4276434	0.025
4276960	0
4277489	0.025
4277766	0.05
4278625	0.15
4279972	0.175
4281276	0.07500000000000001
4282727	0.35000000000000003
4289418	0.37500000000000006
4289895	0.4500000000000001
4290738	0.225
4292272	0.1
4293755	0.07500000000000001
4295485	0.125
4296776	0.15
4299229	0.175
4301291	0.15
4301718	0.15
4302929	0.07500000000000001
4304179	0.125
4305520	0.125
4306599	0.07500000000000001
4307420	0.05
4308132	0.05
4308582	0.1
4309199	0.125
4310145	0.125
4311403	0.27499999999999997
4311976	1.8999999999999972
4313039	2.1249999999999964
4315063	0.6500000000000002
4316505	0.07500000000000001
4317060	0.07500000000000001
4317744	0.05
4319161	0.225
4320673	0.225
4320954	0.27499999999999997
4321698	0.1
4322930	0.05
4324451	0.07500000000000001
4325968	0.07500000000000001
4327268	0.1
4328813	0.47500000000000014
4329700	0.47500000000000014
4330398	0.1
4332200	0.025
4333767	0.025
4334365	0
4335404	0
4336287	0.025
4336691	0.5000000000000001
4337602	0.6500000000000002
4338355	0.37500000000000006
4339132	1.5749999999999984
4340414	2.0999999999999965
4341714	1.2749999999999997
4343103	0.7500000000000003
4345254	0.4250000000000001
4347236	0.325
4348534	0.35000000000000003
4349849	0.35000000000000003
4350883	0.325
4352280	0.37500000000000006
4353578	0.37500000000000006
4354783	0.35000000000000003
4356365	0.4500000000000001
4357908	0.5500000000000002
4358584	0.15
4358974	0.125
4360598	0.05
4362532	0.15
4363039	0.15
4364402	0.07500000000000001
4365359	0.125
4365839	0.125
4367291	0.1
4368941	0.175
4370244	0.1
4370995	0.07500000000000001
4371537	0.1
4372745	0.125
4373724	0.05
4375060	0.05
4377149	0.07500000000000001
4378195	0.05
4378810	0
4379621	0.025
4381026	0.025
4382021	0
4382508	0
4383805	0
4385746	0.07500000000000001
4386554	0.1
4387311	0.4250000000000001
4388138	0.8750000000000004
4389079	0.5250000000000001
4390488	0.07500000000000001
4392482	0.1
4393580	0.05
4394721	0.07500000000000001
4396476	0.125
4398017	0.125
4398689	0.35000000000000003
4400028	0.5250000000000001
4401758	0.4500000000000001
4402554	0.4000000000000001
4403403	0.5500000000000002
4404638	0.6000000000000002
4405998	0.7000000000000003
4406970	0.7000000000000003
4408456	0.5500000000000002
4409028	0.225
4409626	0.1
4410108	0.07500000000000001
4410955	0.07500000000000001
4411860	0.05
4412690	0.025
4413488	0.1
4414436	0.1
4415260	0.07500000000000001
4415775	0.025
4416367	0.05
4417137	0.05
4418141	0.07500000000000001
4419068	0.07500000000000001
4419816	0.05
4420365	0.07500000000000001
4422049	0.125
4423599	0.125
4425053	0.1
4425960	0
4426531	0
4427416	0
4428568	0.025
4430162	0.05
4431348	0.125
4433200	0.225
4434985	0.27499999999999997
4436399	0.5250000000000001
4437399	0.6000000000000002
4438670	0.27499999999999997
4440241	0.225
4441841	0.125
4443013	0.125
4444125	0.6000000000000002
4444388	0.6750000000000003
4444901	0.4250000000000001
4445163	0.175
4446127	0.175
4447851	0.175
4449712	0.2
4451533	0.24999999999999997
4453335	0.325
4455263	1.7999999999999976
4455889	1.724999999999998
4456751	2.0749999999999966
4458225	1.1
4459616	0.7750000000000004
4460477	0.8500000000000004
4461336	0.5750000000000002
4463044	0.8500000000000004
4463688	1.0250000000000004
4464968	1.0500000000000005
4466976	0.8250000000000004
4467809	0.8000000000000004
4468891	1.4499999999999988
4469616	1.1999999999999995
4470270	0.5500000000000002
4470993	0.6000000000000002
4471610	1.5499999999999985
4472442	1.2999999999999994
4473536	1.8999999999999972
4474726	0.9500000000000004
4475253	1.0500000000000005
4476238	0.8500000000000004
4477268	0.8750000000000004
4477539	0.6250000000000002
4477871	0.6000000000000002
4478257	0.6000000000000002
4478768	0.6000000000000002
4479533	0.6000000000000002
4480697	0.6500000000000002
4481643	0.6500000000000002
4483228	0.6750000000000003
4484808	0.8500000000000004
4485939	0.9000000000000005
4487160	1.15
4487832	0.7000000000000003
4489031	1.0250000000000004
4489907	0.8750000000000004
4490837	1.5249999999999986
4491756	1.2249999999999996
4492050	0.9750000000000004
4492440	0.9750000000000004
4495037	0.9750000000000004
4495279	0.9750000000000004
4495847	1.7499999999999978
4496205	1.674999999999998
4496926	2.549999999999995
4498191	2.0749999999999966
4499263	1.949999999999997
4501045	2.299999999999996
4502233	1.2499999999999996
4503395	1.1999999999999995
4504568	0.1
4505562	0
4506497	0
4507984	0
4509277	0.025
4510159	0.025
4511209	0
4512223	0
4513360	0
4514021	0.025
4515205	0.025
4516044	0.05
4516441	0.05
4516688	0.05
4517095	0
4517517	0.025
4518439	0.15
4519248	0.15
4519636	0.1
4520212	0.1
4521476	0.175
4523193	0.4250000000000001
4524674	0.4500000000000001
4527215	0.3
4529383	0.05
4530490	0
4531383	0
4533004	0.025
4534354	0.05
4535322	0.05
4536237	0.025
4537836	0.025
4539228	0.025
4539943	0.025
4540814	0.025
4542169	0.025
4543304	0
4543986	0.025
4544838	0.025
4545904	0
4547376	0
4549053	0.4250000000000001
4549746	0.4500000000000001
4550315	0.125
4551043	0.05
4551590	0.1
4552118	0.1
4553021	0.1
4554499	0.025
4555566	0
4556017	0
4556738	0
4557487	0.025
4558505	0.05
4560090	0.05
4560957	0.025
4561352	0.025
4561923	0.07500000000000001
4562685	0.05
4563455	0
4564064	0.025
4564727	0.025
4565089	0
4565364	0.05
4565744	0.4250000000000001
4566616	0.4500000000000001
4567499	0.4500000000000001
4568914	0.5750000000000002
4570682	0.5000000000000001
4572485	0.5000000000000001
4573654	0.47500000000000014
4574473	0.4500000000000001
4575299	0.4250000000000001
4576231	0.5000000000000001
4576858	0.5000000000000001
4577705	0.325
4579030	0.37500000000000006
4580112	0.4250000000000001
4581033	0.325
4582054	0.24999999999999997
4582763	0.3
4584053	0.24999999999999997
4585585	0.24999999999999997
4586223	0.07500000000000001
4586930	0.07500000000000001
4587782	0.07500000000000001
4589096	0.05
4590487	0.07500000000000001
4593240	0.07500000000000001
4595303	0.1
4596360	0.07500000000000001
4597775	0.07500000000000001
4598828	0.07500000000000001
4600197	0.15
4601473	0.125
4602468	0.025
4603498	0
4604859	0
4605979	0
4607025	0
4608078	0.07500000000000001
4608548	0.1
4610007	0.125
4612297	0.175
4613885	0.1
4615188	0.05
4617389	0.07500000000000001
4619136	0.07500000000000001
4619632	0.1
4620343	0.8750000000000004
4621283	0.7750000000000004
4622344	0.6000000000000002
4623605	0.6250000000000002
4624590	0.6000000000000002
4625683	0.8750000000000004
4627197	2.0499999999999967
4627970	1.2999999999999994
4628842	0.5000000000000001
4629479	0.05
4630517	0.1
4632585	0.7250000000000003
4634234	0.7000000000000003
4635469	0.6750000000000003
4637052	0.7000000000000003
4638133	0.7250000000000003
4639586	1.3249999999999993
4640914	1.2749999999999997
4642139	1.5499999999999985
4643246	2.3249999999999957
4644167	2.0999999999999965
4645181	1.8749999999999971
4645976	2.9999999999999933
4648461	2.7499999999999942
4649624	4.1499999999999915
4652090	4.249999999999993
4655240	5.675000000000013
4656348	5.7000000000000135
4657279	4.124999999999991
4660480	4.975000000000003
4666156	4.374999999999995
4666685	4.124999999999991
4667408	2.524999999999995
4668190	1.8499999999999976
4669180	1.5499999999999985
4670583	0.8250000000000004
4671914	1.2249999999999996
4672906	1.1
4674336	0.5750000000000002
4675847	0.5000000000000001
4678106	0.6250000000000002
4679348	0.7250000000000003
4680682	0.5750000000000002
4681529	0.4250000000000001
4682435	0.4250000000000001
4683833	0.4250000000000001
4684922	0.4250000000000001
4687048	0.4250000000000001
4689279	0.4250000000000001
4691218	0.47500000000000014
4692619	0.6500000000000002
4693886	0.5500000000000002
4694970	0.125
4695799	0.15
4696368	0.27499999999999997
4697237	0.6000000000000002
4698116	0.6250000000000002
4699258	0.37500000000000006
4699826	0.24999999999999997
4700335	0.15
4701304	0.8000000000000004
4702636	2.499999999999995
4703921	4.374999999999995
4705802	4.599999999999998
4707097	5.900000000000016
4708342	5.225000000000007
4709929	6.15000000000002
4711947	5.2750000000000075
4714267	4.975000000000003
4715640	6.625000000000027
4716230	2.574999999999995
4717525	1.7499999999999978
4719813	2.0999999999999965
4722197	1.8999999999999972
4722983	1.8499999999999976
4724986	1.8749999999999971
4726435	1.7499999999999978
4727538	1.699999999999998
4729334	1.5499999999999985
4730979	0.15
4731645	0.15
4732286	0.15
4732900	0.125
4733513	0.15
4734880	0.175
4735539	0.175
4736310	0.05
4736963	0.07500000000000001
4737569	0.07500000000000001
4738157	0.1
4738982	0.025
4739381	0
4739957	0.1
4741181	0.12941176470588237
4742671	0.029411764705882353
4743181	0.029411764705882353
4743920	0.029411764705882353
4744843	0.029411764705882353
4745802	0.12941176470588237
4747060	0.12941176470588237
4748482	0.12941176470588237
4749611	0.07941176470588235
4750935	0.07941176470588235
4751963	0.13072755417956658
4753155	0.15768436929427643
4754330	0.21163173771532903
4755188	0.13538616015396202
4756100	0.1090703706802778
4757324	0.05798319327731093
4758652	0.2362920168067227
4759835	0.2389148841354724
4760866	0.20950311942959
4762875	0
4764112	0
4764596	0
4765235	0.03571428571428571
4765990	0.03571428571428571
4766872	0.03571428571428571
4767466	0.04
4768523	0.12333333333333332
4769969	0.17028985507246375
4771063	0.1286231884057971
4772400	0
